138
2 1
180 105
110 53
152 123
27 64
86 190
89 86
3 63
83 164
138 78
133 32
112 62
125 39
79 107
105 15
48 99
121 144
188 24
190 87
93 45
156 3
88 151
19 91
14 70
116 167
171 164
58 95
38 37
30 177
91 144
56 47
13 69
187 119
56 79
193 165
6 4
150 150
71 146
17 118
151 116
144 37
99 174
156 46
52 165
29 72
119 75
111 24
116 41
141 14
46 101
116 111
42 103
28 187
155 175
10 144
149 121
41 151
121 99
107 101
65 6
43 21
101 75
92 195
36 168
79 100
95 43
25 133
106 151
179 57
196 93
55 55
66 140
191 147
175 123
55 156
174 119
102 150
43 49
89 193
71 81
74 185
106 153
39 119
158 67
77 72
154 180
102 125
76 173
121 67
99 120
1 59
131 112
152 20
58 20
182 160
139 13
108 109
121 198
78 141
142 44
137 40
100 500
500 100
500 550
500 540
500 530
500 520
500 510
500 500
510 550
510 540
510 530
510 520
510 510
510 500
520 550
520 540
520 530
520 520
520 510
520 500
530 550
530 540
530 530
530 520
530 510
530 500
540 550
540 540
540 530
540 520
540 510
540 500
550 550
550 540
550 530
550 520
550 510
550 500


